image: cit_3f_map.pgm
resolution: 0.050000
origin: [130.300000, -90.450000, 1.60]
negate: 0
occupied_thresh: 0.65
free_thresh: 0.196

