image: cit_3f_map.pgm
resolution: 0.050000
origin: [128.000000, -93.60000, 1.57]
negate: 0
occupied_thresh: 0.65
free_thresh: 0.196

