image: cit_3f_map.pgm
resolution: 0.050000
# origin: [1.200, -1.30000, 0.014075499657841048] #-96.88, -102.6, 0.0285
origin: [1.000, -0.90000, 0.011] #-96.88, -102.6, 0.0285
negate: 0
occupied_thresh: 0.65
free_thresh: 0.196

